           1
   0.0000000000000000        0.0000000000000000        0.0000000000000000
   0.0000000000000000        8.8000000000000007        0.0000000000000000
  -0.0000000000000000        8.8000000000000007        0.0000000000000000
   6.1232339957367660E-017   0.0000000000000000        1.0000000000000000
  -2.0942419883356989E-002  0.99978068347484550        1.2823533738276511E-018
 -0.99978068347484550       -2.0942419883356926E-002   6.1218910693341126E-017
  -4.1875653729199686E-002  0.99912283009885838        2.5641442650833661E-018
 -0.99912283009885838       -4.1875653729199623E-002   6.1178628791780591E-017
           2
  -0.0000000000000000        8.8000000000000007        0.0000000000000000
  -0.0000000000000000        8.8000000000000007        0.0000000000000000
  -0.0000000000000000        8.8000000000000007        0.0000000000000000
   6.1232339957367660E-017   0.0000000000000000        1.0000000000000000
  -8.1068747348138820E-002  0.99670851215558687        4.9640290975391847E-018
 -0.99670851215558687       -8.1068747348138709E-002   6.1030794454713009E-017
 -0.12013683883464715       0.99275734192944554        7.3562597569266046E-018
 -0.99275734192944554      -0.12013683883464704        6.0788855056196498E-017
           3
  -0.0000000000000000        8.8000000000000007        0.0000000000000000
  -1.1052589172787537        17.933367545750897        6.7677589763724757E-017
  -1.1052589172787537        17.933367545750897        6.7677589763724757E-017
 -0.99275734192944554      -0.12013683883464704        1.2202119501356416E-016
 -0.12011453357470231       0.99257302119328594       -1.9269053515010882E-002
   2.3149231766289250E-003  -1.9129494349058394E-002 -0.99981433455248858
 -0.12004762607749994       0.99202012742879131       -3.8530951835133796E-002
   4.6289867507628918E-003  -3.8251885325858874E-002 -0.99925740715327127
           4
  -1.1052589172787537        17.933367545750897        6.7677589763724757E-017
  -1.1052589172787537        17.933367545750897        6.7677589763724757E-017
  -1.1052589172787537        17.933367545750897        6.7677589763724757E-017
  0.99275734192944554       0.12013683883464704       -2.4439493353301790E-016
 -0.12008839626117250       0.99235703407262643       -2.8395316691311220E-002
  -3.4113235850025793E-003   2.8189659121710973E-002  0.99959677169846839     
 -0.12013683883464715       0.99275734192944554        6.9388939039072284E-018
   2.4372864837474140E-016   2.7755575615628914E-017   1.0000000000000000     
